{
  "advancedEditorSelectedIdentifier" : "ProjectBrowser",
  "openSceneRelativePaths" : [
    "Immersive.usda"
  ],
  "recentIdentifiers" : {
    "C6A7F375-BFE9-46E0-9EA6-1A6B150F43FD" : [

    ]
  },
  "sceneCameraHistory" : {
    "C6A7F375-BFE9-46E0-9EA6-1A6B150F43FD" : [
      {
        "date" : 785413378.633287,
        "title" : "Untitled",
        "transform" : [
          0.92681473,
          9.7675175e-09,
          -0.3755188,
          0,
          -0.15700015,
          0.9084063,
          -0.38749063,
          0,
          0.3411237,
          0.41808861,
          0.84192437,
          0,
          1.0969493,
          1.438223,
          2.0406122,
          1
        ]
      },
      {
        "date" : 785413369.384481,
        "title" : "Untitled",
        "transform" : [
          0.92681473,
          9.7675175e-09,
          -0.3755188,
          0,
          -0.15700015,
          0.9084063,
          -0.38749063,
          0,
          0.3411237,
          0.41808861,
          0.84192437,
          0,
          0.9826425,
          0.92516434,
          2.341704,
          1
        ]
      },
      {
        "date" : 785413011.644751,
        "title" : "Untitled",
        "transform" : [
          0.92681473,
          9.7675175e-09,
          -0.3755188,
          0,
          -0.15700015,
          0.9084063,
          -0.38749063,
          0,
          0.3411237,
          0.41808861,
          0.84192437,
          0,
          0.7885969,
          1.55342,
          2.1083415,
          1
        ]
      },
      {
        "date" : 785412958.924608,
        "title" : "Untitled",
        "transform" : [
          0.92681485,
          9.767518e-09,
          -0.37551886,
          0,
          -0.15700015,
          0.9084063,
          -0.38749063,
          0,
          0.3411237,
          0.41808861,
          0.84192437,
          0,
          0.73206633,
          1.5741794,
          2.120937,
          1
        ]
      },
      {
        "date" : 785412948.107319,
        "title" : "Untitled",
        "transform" : [
          0.95877427,
          9.767518e-09,
          -0.28416893,
          0,
          -0.1188078,
          0.9084063,
          -0.4008525,
          0,
          0.25814086,
          0.41808861,
          0.87095654,
          0,
          0.2785616,
          1.6053118,
          2.2394567,
          1
        ]
      },
      {
        "date" : 785412928.123749,
        "title" : "Untitled",
        "transform" : [
          0.95877427,
          9.767518e-09,
          -0.28416893,
          0,
          -0.1188078,
          0.9084063,
          -0.4008525,
          0,
          0.25814086,
          0.41808861,
          0.87095654,
          0,
          0.22123623,
          1.1642407,
          2.4681764,
          1
        ]
      },
      {
        "date" : 785412915.324643,
        "title" : "Untitled",
        "transform" : [
          0.95877427,
          9.767518e-09,
          -0.28416893,
          0,
          -0.1188078,
          0.9084063,
          -0.4008525,
          0,
          0.25814086,
          0.41808861,
          0.87095654,
          0,
          0.0012340546,
          1.548234,
          2.3490522,
          1
        ]
      },
      {
        "date" : 785412905.140263,
        "title" : "Untitled",
        "transform" : [
          0.95877427,
          9.767518e-09,
          -0.28416893,
          0,
          -0.1188078,
          0.9084063,
          -0.4008525,
          0,
          0.25814083,
          0.41808856,
          0.8709564,
          0,
          -1.8193341,
          1.7618093,
          2.786123,
          1
        ]
      },
      {
        "date" : 785412901.764622,
        "title" : "Untitled",
        "transform" : [
          0.8766408,
          9.767518e-09,
          -0.4811455,
          0,
          -0.20116144,
          0.9084063,
          -0.36651343,
          0,
          0.43707564,
          0.41808861,
          0.796346,
          0,
          -3.3189266,
          1.9698133,
          4.145591,
          1
        ]
      },
      {
        "date" : 785412867.955513,
        "title" : "Untitled",
        "transform" : [
          0.1878453,
          9.767518e-09,
          -0.98219866,
          0,
          -0.410646,
          0.9084063,
          -0.078535944,
          0,
          0.89223546,
          0.41808861,
          0.17063983,
          0,
          2.3805277,
          2.0946102,
          2.6590118,
          1
        ]
      }
    ]
  },
  "sceneViewportBackgroundColors" : {

  }
}